1,Sala1,1,0,0,0,0
2,Sala1,1,0,0,0,0
3,Sala1,1,0,0,0,0
4,Sala1,1,0,0,0,0
5,Sala1,1,0,0,0,0
6,Sala1,0,0,0,0,0,
7,Sala1,1,0,0,0,0
8,Sala1,0,0,0,0,0,
9,Sala1,0,0,0,0,0
10,Sala1,0,0,0,0,0
11,Sala1,0,0,0,0,0,
12,Sala1,0,0,0,0,0,
13,Sala1,0,0,0,0,0,
14,Sala1,0,0,0,0,0,
15,Sala1,0,0,0,0,0,
16,Sala1,0,0,0,0,0,
17,Sala1,0,0,0,0,0,
18,Sala1,0,0,0,0,0,
19,Sala1,0,0,0,0,0,
20,Sala1,0,0,0,0,0,
21,Sala1,1,0,0,0,0
22,Sala1,0,0,0,0,0,
23,Sala1,0,0,0,0,0,
24,Sala1,0,0,0,0,0,
25,Sala1,0,0,0,0,0,
26,Sala1,0,0,0,0,0,
27,Sala1,0,0,0,0,0,
28,Sala1,0,0,0,0,0,
29,Sala1,0,0,0,0,0,
30,Sala1,0,0,0,0,0,
31,Sala1,0,0,0,0,0,
32,Sala1,0,0,0,0,0,
33,Sala1,0,0,0,0,0,
34,Sala1,0,0,0,0,0,
35,Sala1,0,0,0,0,0,
36,Sala1,0,0,0,0,0,
37,Sala1,0,0,0,0,0,
38,Sala1,0,0,0,0,0,
39,Sala1,0,0,0,0,0,
40,Sala1,0,0,0,0,0,
41,Sala1,0,0,0,0,0,
42,Sala1,0,0,0,0,0,
43,Sala1,0,0,0,0,0,
44,Sala1,0,0,0,0,0,
45,Sala1,0,0,0,0,0,
46,Sala1,0,0,0,0,0,
47,Sala1,0,0,0,0,0,
48,Sala1,0,0,0,0,0,
49,Sala1,0,0,0,0,0,
50,Sala1,0,0,0,0,0,
51,Sala1,0,0,0,0,0,
52,Sala1,0,0,0,0,0,
53,Sala1,0,0,0,0,0,
54,Sala1,0,0,0,0,0,
55,Sala1,0,0,0,0,0,
56,Sala1,0,0,0,0,0,
57,Sala1,0,0,0,0,0,
58,Sala1,0,0,0,0,0,
59,Sala1,0,0,0,0,0,
60,Sala1,0,0,0,0,0,
61,Sala1,0,0,0,0,0,
62,Sala1,0,0,0,0,0,
63,Sala1,0,0,0,0,0,
64,Sala1,0,0,0,0,0,
65,Sala1,0,0,0,0,0,
66,Sala1,0,0,0,0,0,
67,Sala1,0,0,0,0,0,
68,Sala1,0,0,0,0,0,
69,Sala1,0,0,0,0,0,
70,Sala1,0,0,0,0,0,
71,Sala1,0,0,0,0,0,
72,Sala1,0,0,0,0,0,
73,Sala1,0,0,0,0,0,
74,Sale1,0,0,0,0,0,
1,Sala2,0,0,0,0,0,
2,Sala2,0,0,0,0,0
3,Sala2,0,0,0,0,0
4,Sala2,0,0,0,0,0,
5,Sala2,0,0,0,0,0
6,Sala2,0,0,0,0,0,
7,Sala2,0,0,0,0,0,
8,Sala2,0,0,0,0,0,
9,Sala2,0,0,0,0,0
10,Sala2,0,0,0,0,0
11,Sala2,0,0,0,0,0,
12,Sala2,0,0,0,0,0,
13,Sala2,0,0,0,0,0,
14,Sala2,0,0,0,0,0,
15,Sala2,0,0,0,0,0,
16,Sala2,0,0,0,0,0,
17,Sala2,0,0,0,0,0,
18,Sala2,0,0,0,0,0,
19,Sala2,0,0,0,0,0,
20,Sala2,0,0,0,0,0,
21,Sala2,0,0,0,0,0,
22,Sala2,0,0,0,0,0,
23,Sala2,0,0,0,0,0,
24,Sala2,0,0,0,0,0,
25,Sala2,0,0,0,0,0,
26,Sala2,0,0,0,0,0,
27,Sala2,0,0,0,0,0,
28,Sala2,0,0,0,0,0,
29,Sala2,0,0,0,0,0,
30,Sala2,0,0,0,0,0,
31,Sala2,0,0,0,0,0,
32,Sala2,0,0,0,0,0,
33,Sala2,0,0,0,0,0,
34,Sala2,0,0,0,0,0,
35,Sala2,0,0,0,0,0,
36,Sala2,0,0,0,0,0,
37,Sala2,0,0,0,0,0,
38,Sala2,0,0,0,0,0,
39,Sala2,0,0,0,0,0,
40,Sala2,0,0,0,0,0,
41,Sala2,0,0,0,0,0,
42,Sala2,0,0,0,0,0,
43,Sala2,0,0,0,0,0,
44,Sala2,0,0,0,0,0,
45,Sala2,0,0,0,0,0,
46,Sala2,0,0,0,0,0,
47,Sala2,0,0,0,0,0,
48,Sala2,0,0,0,0,0,
49,Sala2,0,0,0,0,0,
50,Sala2,0,0,0,0,0,
51,Sala2,0,0,0,0,0,
52,Sala2,0,0,0,0,0,
53,Sala2,0,0,0,0,0,
54,Sala2,0,0,0,0,0,
55,Sala2,0,0,0,0,0,
56,Sala2,0,0,0,0,0,
57,Sala2,0,0,0,0,0,
58,Sala2,0,0,0,0,0,
59,Sala2,0,0,0,0,0,
60,Sala2,0,0,0,0,0,
61,Sala2,0,0,0,0,0,
62,Sala2,0,0,0,0,0,
63,Sala2,0,0,0,0,0,
64,Sala2,0,0,0,0,0,
65,Sala2,0,0,0,0,0,
66,Sala2,0,0,0,0,0,
67,Sala2,0,0,0,0,0
68,Sala2,0,0,0,0,0
69,Sala2,0,0,0,0,0
70,Sala2,0,0,0,0,0,
71,Sala2,0,0,0,0,0
72,Sala2,0,0,0,0,0
73,Sala2,0,0,0,0,0,
74,Sale2,0,0,0,0,0,
1,Sala3,0,0,0,0,0
2,Sala3,0,0,0,0,0
3,Sala3,0,0,0,0,0
4,Sala3,0,0,0,0,0,
5,Sala3,0,0,0,0,0
6,Sala3,0,0,0,0,0,
7,Sala3,0,0,0,0,0,
8,Sala3,0,0,0,0,0,
9,Sala3,0,0,0,0,0
10,Sala3,0,0,0,0,0
11,Sala3,0,0,0,0,0,
12,Sala3,0,0,0,0,0,
13,Sala3,0,0,0,0,0,
14,Sala3,0,0,0,0,0,
15,Sala3,0,0,0,0,0,
16,Sala3,0,0,0,0,0,
17,Sala3,0,0,0,0,0,
18,Sala3,0,0,0,0,0,
19,Sala3,0,0,0,0,0,
20,Sala3,0,0,0,0,0,
21,Sala3,0,0,0,0,0,
22,Sala3,0,0,0,0,0,
23,Sala3,0,0,0,0,0,
24,Sala3,0,0,0,0,0,
25,Sala3,0,0,0,0,0,
26,Sala3,0,0,0,0,0,
27,Sala3,0,0,0,0,0,
28,Sala3,0,0,0,0,0,
29,Sala3,0,0,0,0,0,
30,Sala3,0,0,0,0,0,
31,Sala3,0,0,0,0,0,
32,Sala3,0,0,0,0,0,
33,Sala3,0,0,0,0,0
34,Sala3,0,0,0,0,0
35,Sala3,0,0,0,0,0,
36,Sala3,0,0,0,0,0,
37,Sala3,0,0,0,0,0,
38,Sala3,0,0,0,0,0,
39,Sala3,0,0,0,0,0,
40,Sala3,0,0,0,0,0,
41,Sala3,0,0,0,0,0,
42,Sala3,0,0,0,0,0,
43,Sala3,0,0,0,0,0,
44,Sala3,0,0,0,0,0,
45,Sala3,0,0,0,0,0,
46,Sala3,0,0,0,0,0,
47,Sala3,0,0,0,0,0,
48,Sala3,0,0,0,0,0,
49,Sala3,0,0,0,0,0,
50,Sala3,0,0,0,0,0,
51,Sala3,0,0,0,0,0,
52,Sala3,0,0,0,0,0,
53,Sala3,0,0,0,0,0,
54,Sala3,0,0,0,0,0,
55,Sala3,0,0,0,0,0,
56,Sala3,0,0,0,0,0,
57,Sala3,0,0,0,0,0,
58,Sala3,0,0,0,0,0,
59,Sala3,0,0,0,0,0,
60,Sala3,0,0,0,0,0,
61,Sala3,0,0,0,0,0,
62,Sala3,0,0,0,0,0,
63,Sala3,0,0,0,0,0,
64,Sala3,0,0,0,0,0,
65,Sala3,0,0,0,0,0,
66,Sala3,0,0,0,0,0,
67,Sala3,0,0,0,0,0,
68,Sala3,0,0,0,0,0,
69,Sala3,0,0,0,0,0,
70,Sala3,0,0,0,0,0,
71,Sala3,0,0,0,0,0,
72,Sala3,0,0,0,0,0,
73,Sala3,0,0,0,0,0,
74,Sale3,0,0,0,0,0,
1,Sala4,0,0,0,0,0
2,Sala4,0,0,0,0,0
3,Sala4,0,0,0,0,0
4,Sala4,0,0,0,0,0,
5,Sala4,0,0,0,0,0
6,Sala4,0,0,0,0,0,
7,Sala4,0,0,0,0,0,
8,Sala4,0,0,0,0,0,
9,Sala4,0,0,0,0,0
10,Sala4,0,0,0,0,0
11,Sala4,0,0,0,0,0,
12,Sala4,0,0,0,0,0,
13,Sala4,0,0,0,0,0,
14,Sala4,0,0,0,0,0,
15,Sala4,0,0,0,0,0,
16,Sala4,0,0,0,0,0,
17,Sala4,0,0,0,0,0,
18,Sala4,0,0,0,0,0,
19,Sala4,0,0,0,0,0,
20,Sala4,0,0,0,0,0,
21,Sala4,0,0,0,0,0,
22,Sala4,0,0,0,0,0,
23,Sala4,0,0,0,0,0,
24,Sala4,0,0,0,0,0,
25,Sala4,0,0,0,0,0,
26,Sala4,0,0,0,0,0,
27,Sala4,0,0,0,0,0,
28,Sala4,0,0,0,0,0,
29,Sala4,0,0,0,0,0,
30,Sala4,0,0,0,0,0,
31,Sala4,0,0,0,0,0,
32,Sala4,0,0,0,0,0,
33,Sala4,0,0,0,0,0,
34,Sala4,0,0,0,0,0,
35,Sala4,0,0,0,0,0,
36,Sala4,0,0,0,0,0,
37,Sala4,0,0,0,0,0,
38,Sala4,0,0,0,0,0,
39,Sala4,0,0,0,0,0,
40,Sala4,0,0,0,0,0,
41,Sala4,0,0,0,0,0,
42,Sala4,0,0,0,0,0,
43,Sala4,0,0,0,0,0,
44,Sala4,0,0,0,0,0,
45,Sala4,0,0,0,0,0,
46,Sala4,0,0,0,0,0,
47,Sala4,0,0,0,0,0,
48,Sala4,0,0,0,0,0,
49,Sala4,0,0,0,0,0,
50,Sala4,0,0,0,0,0,
51,Sala4,0,0,0,0,0,
52,Sala4,0,0,0,0,0,
53,Sala4,0,0,0,0,0,
54,Sala4,0,0,0,0,0,
55,Sala4,0,0,0,0,0,
56,Sala4,0,0,0,0,0,
57,Sala4,0,0,0,0,0,
58,Sala4,0,0,0,0,0,
59,Sala4,0,0,0,0,0,
60,Sala4,0,0,0,0,0,
61,Sala4,0,0,0,0,0,
62,Sala4,0,0,0,0,0,
63,Sala4,0,0,0,0,0,
64,Sala4,0,0,0,0,0,
65,Sala4,0,0,0,0,0,
66,Sala4,0,0,0,0,0,
67,Sala4,0,0,0,0,0,
68,Sala4,0,0,0,0,0,
69,Sala4,0,0,0,0,0,
71,Sala4,0,0,0,0,0,
72,Sala4,0,0,0,0,0,
73,Sala4,0,0,0,0,0,
74,Sale4,0,0,0,0,0,
